t: [1, 2, 3, 4, 5, 6, 7, 8, 9, 10, 11, 12]

x: [pi/6, pi/3, pi/2, 2*pi/3, 5*pi/6, pi, 7*pi/6, 4*pi/3, 3*pi/2, 5*pi/3, 11*pi/6, 2*pi]

y: [144.64, 95.86, 176.58, 200.68, 301.86, 255.88, 216.22, 142.98, 164.08, 77.08, 86.04, 46.84]

F(t) = 25.142270480239*sin(pi*t/6) - 9.52050593893693*sin(pi*t/3) + 21.9566666666667*sin(pi*t/2) + 1.71473029949307*sin(2*pi*t/3) - 90.5492835079413*cos(pi*t/6) + 13.0233333333333*cos(pi*t/3) - 6.38666666666658*cos(pi*t/2) + 1.78333333333335*cos(2*pi*t/3) + 159.061666666667

F(72) = 76.93238315872546