t: [1, 2, 3, 4, 5, 6, 7, 8, 9, 10, 11, 12, 13, 14, 15, 16, 17, 18, 19, 20, 21, 22, 23, 24, 25, 26, 27, 28, 29, 30, 31, 32, 33, 34, 35, 36, 37, 38, 39, 40, 41, 42, 43, 44, 45, 46, 47, 48, 49, 50, 51, 52, 53, 54, 55, 56, 57, 58, 59, 60]

x: [pi/30, pi/15, pi/10, 2*pi/15, pi/6, pi/5, 7*pi/30, 4*pi/15, 3*pi/10, pi/3, 11*pi/30, 2*pi/5, 13*pi/30, 7*pi/15, pi/2, 8*pi/15, 17*pi/30, 3*pi/5, 19*pi/30, 2*pi/3, 7*pi/10, 11*pi/15, 23*pi/30, 4*pi/5, 5*pi/6, 13*pi/15, 9*pi/10, 14*pi/15, 29*pi/30, pi, 31*pi/30, 16*pi/15, 11*pi/10, 17*pi/15, 7*pi/6, 6*pi/5, 37*pi/30, 19*pi/15, 13*pi/10, 4*pi/3, 41*pi/30, 7*pi/5, 43*pi/30, 22*pi/15, 3*pi/2, 23*pi/15, 47*pi/30, 8*pi/5, 49*pi/30, 5*pi/3, 17*pi/10, 26*pi/15, 53*pi/30, 9*pi/5, 11*pi/6, 28*pi/15, 19*pi/10, 29*pi/15, 59*pi/30, 2*pi]

y: [29.5, 85.3, 191.9, 365.4, 248.5, 310.5, 201.1, 136.2, 161.6, 15.9, 74.3, 88.0, 95.2, 28.6, 264.1, 103.5, 199.2, 195.9, 220.3, 149.7, 190.8, 202.3, 30.3, 97.4, 252.4, 102.8, 98.7, 69.3, 351.6, 209.2, 254.8, 162.8, 258.8, 16.0, 25.2, 22.7, 26.7, 97.3, 206.3, 186.8, 550.5, 237.5, 186.5, 136.7, 168.7, 69.2, 132.8, 15.2, 319.4, 165.3, 121.9, 278.4, 159.5, 326.3, 218.4, 129.5, 40.5, 82.0, 167.6, 10.9]

F(t) = -12.2937260689094*sin(pi*t/30) - 3.8885342390372*sin(pi*t/15) + 24.1318442073982*sin(pi*t/10) + 5.60346023048716*sin(2*pi*t/15) + 25.142270480239*sin(pi*t/6) + 22.1409293456378*sin(pi*t/5) - 33.4831096372927*sin(7*pi*t/30) + 5.85938153623268*sin(4*pi*t/15) - 3.66160125545609*sin(3*pi*t/10) - 9.52050593893699*sin(pi*t/3) - 15.0375757778366*sin(11*pi*t/30) - 0.237358410432746*cos(pi*t/30) - 5.75355870492915*cos(pi*t/15) - 0.088047213365611*cos(pi*t/10) - 12.1761965314161*cos(2*pi*t/15) - 90.5492835079413*cos(pi*t/6) + 10.9979155849775*cos(pi*t/5) - 16.2228508460373*cos(7*pi*t/30) - 16.4274076130724*cos(4*pi*t/15) + 7.15498829695755*cos(3*pi*t/10) + 13.0233333333333*cos(pi*t/3) - 2.53571015105032*cos(11*pi*t/30) + 159.061666666667

F(72) = 67.288211212384