data:
x: [6/pi, 12/pi, 18/pi, 24/pi, 30/pi, 36/pi, 42/pi, 48/pi, 54/pi, 60/pi, 66/pi, 72/pi]

y: [144.64, 95.86, 176.58, 200.68, 301.86, 255.88, 216.22, 142.98, 164.08, 77.08, 86.04, 46.84]

F(x): 2.97251830012215*sin(pi*t/6) - 10.359468523866*sin(pi*t/3) - 11.6525166497847*sin(pi*t/2) + 27.4005804512516*sin(2*pi*t/3) - 20.4734682877108*sin(5*pi*t/6) - 18.4353853802403*cos(pi*t/6) - 18.438680027926*cos(pi*t/3) - 79.1973697290264*cos(pi*t/2) + 3.56003321038576*cos(2*pi*t/3) - 36.3314826508749*cos(5*pi*t/6) + 159.061666666667