data:
x: [30/pi, 60/pi, 90/pi, 120/pi, 150/pi, 180/pi, 210/pi, 240/pi, 270/pi, 300/pi, 330/pi, 360/pi, 390/pi, 420/pi, 450/pi, 480/pi, 510/pi, 540/pi, 570/pi, 600/pi, 630/pi, 660/pi, 690/pi, 720/pi, 750/pi, 780/pi, 810/pi, 840/pi, 870/pi, 900/pi, 930/pi, 960/pi, 990/pi, 1020/pi, 1050/pi, 1080/pi, 1110/pi, 1140/pi, 1170/pi, 1200/pi, 1230/pi, 1260/pi, 1290/pi, 1320/pi, 1350/pi, 1380/pi, 1410/pi, 1440/pi, 1470/pi, 1500/pi, 1530/pi, 1560/pi, 1590/pi, 1620/pi, 1650/pi, 1680/pi, 1710/pi, 1740/pi, 1770/pi, 1800/pi]

y: [29.5, 85.3, 191.9, 365.4, 248.5, 310.5, 201.1, 136.2, 161.6, 15.9, 74.3, 88.0, 95.2, 28.6, 264.1, 103.5, 199.2, 195.9, 220.3, 149.7, 190.8, 202.3, 30.3, 97.4, 252.4, 102.8, 98.7, 69.3, 351.6, 209.2, 254.8, 162.8, 258.8, 16.0, 25.2, 22.7, 26.7, 97.3, 206.3, 186.8, 550.5, 237.5, 186.5, 136.7, 168.7, 69.2, 132.8, 15.2, 319.4, 165.3, 121.9, 278.4, 159.5, 326.3, 218.4, 129.5, 40.5, 82.0, 167.6, 10.9]

F(x): 15.4147023490175*sin(pi*t/30) + 33.0934088198001*sin(pi*t/15) + 34.9688662158285*sin(pi*t/10) + 74.8374427866917*sin(2*pi*t/15) + 19.876618094976*sin(pi*t/6) - 29.8906746064243*sin(pi*t/5) + 11.8743982014541*sin(7*pi*t/30) - 8.8414455637949*sin(4*pi*t/15) + 3.36560415207354*sin(3*pi*t/10) - 15.8433482025548*sin(pi*t/3) - 8.23734417916815*sin(11*pi*t/30) - 24.5808959755558*sin(2*pi*t/5) - 7.6055576832685*sin(13*pi*t/30) + 17.4046028271248*sin(7*pi*t/15) - 6.19833405869918*sin(pi*t/2) - 5.9641107686742*sin(8*pi*t/15) + 19.3001907337119*sin(17*pi*t/30) - 7.05285258137249*sin(3*pi*t/5) + 10.1370389428435*sin(19*pi*t/30) + 5.80616804886059*sin(2*pi*t/3) - 17.2343684430072*sin(7*pi*t/10) - 26.5595786130255*sin(11*pi*t/15) - 47.6023068465309*sin(23*pi*t/30) - 6.97850944957832*sin(4*pi*t/5) - 215.363057967363*sin(5*pi*t/6) - 1.03895711535033*sin(13*pi*t/15) - 3.55740438845866*sin(9*pi*t/10) + 12.4846663919059*sin(14*pi*t/15) + 65.1911232490542*sin(29*pi*t/30) + 11.5893853140046*cos(pi*t/30) + 32.7263964196577*cos(pi*t/15) + 4.61391772898102*cos(pi*t/10) - 52.8086008558852*cos(2*pi*t/15) - 15.6470556356733*cos(pi*t/6) - 2.71403884749684*cos(pi*t/5) + 4.79285793560699*cos(7*pi*t/30) - 13.515136873095*cos(4*pi*t/15) + 13.487586013447*cos(3*pi*t/10) + 14.0447480227237*cos(pi*t/3) - 0.460730796594524*cos(11*pi*t/30) + 25.155069785347*cos(2*pi*t/5) + 32.6619960863946*cos(13*pi*t/30) + 6.65838301924228*cos(7*pi*t/15) + 21.819481865052*cos(pi*t/2) + 6.96124976568263*cos(8*pi*t/15) + 0.574932182425996*cos(17*pi*t/30) - 17.0535758165057*cos(3*pi*t/5) + 9.9392769453035*cos(19*pi*t/30) - 22.8806677441051*cos(2*pi*t/3) - 91.3490195208619*cos(7*pi*t/10) - 26.1581658528604*cos(11*pi*t/15) + 3.25341731292118*cos(23*pi*t/30) - 5.87297528081987*cos(4*pi*t/5) + 180.931877539959*cos(5*pi*t/6) + 29.4985689656596*cos(13*pi*t/15) + 14.0352599489276*cos(9*pi*t/10) + 20.1275013201294*cos(14*pi*t/15) + 8.75902615774623*cos(29*pi*t/30) + 159.061666666667